
%% RMSE per iteration. 20 Example Hands. 2 Neuron Hidden Layer'
%a=.6
RMSE1 = [0.21203072517121108, 0.20581300946766015, 0.19111153910962256, 0.16825943451887582, 0.4170509991142074, 0.887131476571728, 0.2311129277710558, 0.27116630343536874, 0.20972537391414772, 0.2001685576456375, 0.2561837842511286, 0.252383915603456, 0.23808061246223372, 0.22905608079555426, 0.24347949607381664, 0.24197242062873917, 0.23300407014803665, 0.2378992851900558, 0.24197242062873917, 0.23022443410125648];

%% RMSE per iteration. 30 Example Hands. 2 Neuron Hidden Layer'
%a=.1
RMSE2 = [0.4604679415238493, 0.4604679415238493, 0.45798754092592187, 0.4575797144915505, 0.4547690314794866, 0.46126485309472437, 0.4608303856437858, 0.45811413870915535, 0.45487331965786887, 0.45487331965786887, 0.4622960108316648, 0.4622960108316648, 0.4592958409514619, 0.4592958409514619, 0.4631834621891356, 0.4592958409514619, 0.4672214346793637, 0.4550090578473756, 0.45438407198013586, 0.46089460159211726, 0.4585517674741925, 0.4504281597137237, 0.45747457099133637, 0.45427246597528065, 0.44705120647611235, 0.44147394476496166, 0.43464093107810287, 0.43451068364284123, 0.4522288858518614, 0.4522288858518614];
%a=.3
RMSE3 = [0.4604679415238493, 0.4536661872651081, 0.45203463270531136, 0.45043009799005923, 0.4406415023354731, 0.46888841419844685, 0.4588659087153827, 0.4544897992318794, 0.4748131704380831, 0.49306348038717834, 0.5923738791698133, 0.5078397613500714, 0.642472931072635, 0.5302729896476602, 0.5424360534507421, 0.7708994681888311, 0.6238398640396126, 0.6314795279501393, 0.569644588447657, 0.5528426497290067, 0.5749523540850455, 0.5677053780190922, 0.551290151455396, 0.5712384805358709, 0.5649254582211839, 0.5323219997552489, 0.49732684828354257, 0.49738783095258365, 0.5443213470896612, 0.4983949227461588];
%a=.3, shuffled
RMSE4 = [0.4604679415238493, 0.45366618726510805, 0.45203463270531136, 0.4621014178466609, 0.45578375486230127, 0.45089533464063347, 0.47616065879240915, 0.4361207159161573, 0.40577512439013796, 0.5691023412616313, 0.42773299008994187, 0.38859719530232173, 0.7504345274037162, 0.6115161886339872, 0.40452306659174825, 0.5507906875993906, 0.3874600028394023, 0.40340072914016156, 0.5472681736068934, 0.3937291752337949, 0.388168207138379, 0.5816348728445845, 0.5574318303796267, 0.38721879594363373, 0.5697231940458121, 0.3956950127681004, 0.38806346983653406, 0.5669031843540561, 0.4008797072051288, 0.38742425020370735];

%% RMSE per iteration. 60 Example Hands. 
%a=.1 shuffled, 2 hidden layer neurons
RMSE5 = [0.4604679415238493, 0.4604679415238493, 0.45798754092592187, 0.46083038564378576, 0.46083038564378576, 0.45798420637659065, 0.46083038564378576, 0.45474593937970464, 0.45474593937970464, 0.45880439631335285, 0.4542247236218612, 0.4542247236218612, 0.45626359477590683, 0.4638684449903292, 0.4505284695546395, 0.44616387265050533, 0.4401167707401208, 0.4401167707401208, 0.4568495731733916, 0.4378799379747381, 0.43067920612678434, 0.45483637268912147, 0.4544897992318794, 0.4172846871429165, 0.4913116733358807, 0.4163565772118429, 0.40059369373751785, 0.5352618279637079, 0.4186416816094631, 0.4202450215498679, 0.6289500946894057, 0.5494850660889027, 0.4467341135302278, 0.3891199381792868, 0.4908780953964528, 0.3890028579545297, 0.4373813208486922, 0.605851731766515, 0.6903596880148499, 0.3974832550021565, 0.3942251258320545, 0.7477807371338429, 0.5933661461684469, 0.6031524158712643, 0.39666072455282536, 0.6765283043737612, 0.4025235927590263, 0.4015904522933256, 0.5933661461684469, 0.39923670235817116, 0.398698621766342, 0.39627134050207713, 0.39627134050207713, 0.6321280520763064, 0.5933661461684469, 0.5923500750436557, 0.4009527235954564, 0.39415144188595025, 0.611980009515708, 0.39627134050207713];
%a=.1 shuffled, 6 hidden layer neurons
RMSE6 = [0.4604679415238493,0.4604679415238493,0.4592205524341642,0.4606399438046927,0.4591969867381547,0.4591969867381547,0.46080620879607376,0.4591969867381547,0.45757971449155044,0.45973020390252134,0.4577419852635262,0.4560083611044211,0.4595505868813805,0.4610414834858681,0.4575350636145236,0.45471525737253143,0.45471525737253143,0.4542247236218612,0.45977308068968864,0.4542247236218612,0.4523969672280597,0.4586981869168397,0.456494711994439,0.4521853840512923,0.46256831393453685,0.45035476860302587,0.45035476860302587,0.45660127764369685,0.4493491170913466,0.44765044835776363,0.45548834641799774,0.46252590416289346,0.4468786014918781,0.4449594028300139,0.441596498474281,0.4427781336349919,0.4405799720087163,0.4551840144059843,0.45489809702857537,0.4385485830322828,0.43305415191466007,0.4532925521688675,0.45289671213369076,0.4503131640319193,0.42896193891600076,0.45206060729089576,0.42316369356647987,0.4211536019666672,0.45310406466720266,0.41562989696313646,0.41637998762797396,0.42340759345593965,0.4179292987819129,0.4771574856477037,0.51628333066708,0.5335904231479224,0.40576260606503056,0.42069981731992473,0.4854756106545294,0.4154988151526975];
%a=0.05, 2 hidden neurons, NONshuffled
RMSE7 = [0.4604679415238493,0.4604679415238493,0.4604679415238493,0.4575797144915505,0.4575797144915505,0.4608303856437858,0.4608303856437858,0.45798420637659065,0.45798420637659065,0.45798420637659065,0.4611688918032718,0.4611688918032718,0.4611688918032718,0.4584157095417857,0.4584157095417857,0.4584157095417857,0.46204530786751985,0.4579817331742327,0.4579817331742327,0.4616972202097532,0.4584157095417857,0.4584157095417857,0.4616972202097532,0.4560279272490762,0.45538050653170986,0.45485076628032034,0.45485076628032034,0.45485076628032034,0.4586694592270886,0.45485076628032034,0.4635118481077942,0.4530478007489824,0.4530478007489824,0.4514801754772799,0.4487561335743126,0.4487561335743126,0.4546830975382013,0.4501077322917317,0.4501077322917317,0.4528521817949774,0.4477296365501774,0.44370315101036223,0.44370315101036223,0.44370315101036223,0.44370315101036223,0.44079204105305075,0.44079204105305075,0.439116881899642,0.443755764247229,0.43584456964975615,0.43534854499106446,0.4267259360548661,0.4265763381672581,0.4265763381672581,0.42614493417132315,0.42614493417132315,0.456078051527098,0.456078051527098,0.4388043306821549,0.5813839010207097];
%a=.025, nonshuffled, 2 hidden
RMSE8 = [0.4604679415238493, 0.4604679415238493, 0.4604679415238493, 0.4604679415238493, 0.4575797144915505, 0.4608303856437858, 0.45798420637659065, 0.45798420637659065, 0.45798420637659065, 0.45798420637659065, 0.4611688918032718, 0.4611688918032718, 0.4611688918032718, 0.4611688918032718, 0.4604679415238493, 0.4611688918032718, 0.4604679415238493, 0.4604679415238493, 0.45757971449155044, 0.4604679415238493, 0.4604679415238493, 0.4604679415238493, 0.46083038564378576, 0.4604679415238493, 0.4604679415238493, 0.45881952594912484, 0.4604679415238493, 0.45568880019622676, 0.4584157095417857, 0.4584157095417857, 0.46204530786751985, 0.45919576485494085, 0.4584157095417857, 0.4584157095417857, 0.4584157095417857, 0.4552330146333716, 0.45751471190833165, 0.45751471190833165, 0.45751471190833165, 0.45811413870915535, 0.45751471190833165, 0.45751471190833165, 0.45751471190833165, 0.45751471190833165, 0.45751471190833165, 0.45587150124620807, 0.45751471190833165, 0.45485076628032034, 0.45663733918020927, 0.45485076628032034, 0.45485076628032034, 0.45485076628032034, 0.45117197451023133, 0.45485076628032034, 0.45117197451023133, 0.4505284695546395, 0.455214147964711, 0.4546624453946164, 0.45427817497965445, 0.4635603505854242];
%a=0.075, nonshuffled, 2 hidden
